#run_name            mass#32 zpinputs#1   cross(pb)           
run_249              450 7.0              0.0099242            
run_250              450 10.0             0.00461883           
run_251              500 7.0              0.024102             
run_252              500 10.0             0.011185             
run_253              550 7.0              0.030587             
run_254              550 10.0             0.014167             
run_255              2050 7.0             0.00055222           
run_256              2050 10.0            0.00025743           
run_257              2100 7.0             0.00049024           
run_258              2100 10.0            0.00022796           
run_259              2150 7.0             0.00043533           
run_260              2150 10.0            0.00020289           
run_261              2200 7.0             0.00038552           
run_262              2200 10.0            0.00018035           
run_263              2250 7.0             0.00034381           
run_264              2250 10.0            0.00016043           
run_265              2300 7.0             0.00030592           
run_266              2300 10.0            0.00014214           
run_267              2450 7.0             0.00021786           
run_268              2450 10.0            0.00010164           
run_269              2700 7.0             0.00012606           
run_270              2700 10.0            5.8705e-05           
run_271              2750 7.0             0.00011314           
run_272              2750 10.0            5.2804e-05           
run_273              2800 7.0             0.0001015            
run_274              2800 10.0            4.7318e-05           
run_275              2850 7.0             9.1653e-05           
run_276              2850 10.0            4.2595e-05           
run_277              2900 7.0             8.231e-05            
run_278              2900 10.0            3.8433e-05           
run_279              2950 7.0             7.4167e-05           
run_280              2950 10.0            3.4567e-05           
