#run_name            mass#32 zpinputs#1   cross(pb)           
run_153              450 2.5              0.0658491            
run_154              450 3.0              0.0491139            
run_155              500 2.5              0.15972              
run_156              500 3.0              0.11948              
run_157              550 2.5              0.20186              
run_158              550 3.0              0.15107              
run_159              2050 2.5             0.0035729            
run_160              2050 3.0             0.0026956            
run_161              2100 2.5             0.003166             
run_162              2100 3.0             0.0023922            
run_163              2150 2.5             0.0028096            
run_164              2150 3.0             0.0021168            
run_165              2200 2.5             0.0024967            
run_166              2200 3.0             0.001884             
run_167              2250 2.5             0.0022243            
run_168              2250 3.0             0.0016755            
run_169              2300 2.5             0.0019785            
run_170              2300 3.0             0.0014912            
run_171              2450 2.5             0.0014079            
run_172              2450 3.0             0.0010615            
run_173              2700 2.5             0.00081333           
run_174              2700 3.0             0.00061319           
run_175              2750 2.5             0.00073238           
run_176              2750 3.0             0.00055075           
run_177              2800 2.5             0.00065634           
run_178              2800 3.0             0.00049597           
run_179              2850 2.5             0.00059214           
run_180              2850 3.0             0.00044607           
run_181              2900 2.5             0.00053226           
run_182              2900 3.0             0.00040203           
run_183              2950 2.5             0.00048007           
run_184              2950 3.0             0.00036161           
