LHAID	mzp	ma	mhp	mh2	mDM	tanBeta	gZ	Sigma[pb]
263400	200.0	300.0	300.0	300.0	100	1.0	0.8	0.0051103
263400	200.0	400.0	400.0	400.0	100	1.0	0.8	0.0010331
263400	200.0	500.0	500.0	500.0	100	1.0	0.8	0.00039639
263400	200.0	600.0	600.0	600.0	100	1.0	0.8	0.00018615
263400	200.0	700.0	700.0	700.0	100	1.0	0.8	9.5661e-05
263400	200.0	800.0	800.0	800.0	100	1.0	0.8	5.2705e-05
263400	200.0	900.0	900.0	900.0	100	1.0	0.8	3.044e-05
263400	200.0	1000.0	1000.0	1000.0	100	1.0	0.8	1.8182e-05
263400	200.0	1100.0	1100.0	1100.0	100	1.0	0.8	1.1246e-05
263400	200.0	1200.0	1200.0	1200.0	100	1.0	0.8	7.1464e-06
263400	400.0	300.0	300.0	300.0	100	1.0	0.8	0.0191291
263400	400.0	400.0	400.0	400.0	100	1.0	0.8	0.00212848
263400	400.0	500.0	500.0	500.0	100	1.0	0.8	0.00067456
263400	400.0	600.0	600.0	600.0	100	1.0	0.8	0.000291667
263400	400.0	700.0	700.0	700.0	100	1.0	0.8	0.000145499
263400	400.0	800.0	800.0	800.0	100	1.0	0.8	7.9265e-05
263400	400.0	900.0	900.0	900.0	100	1.0	0.8	4.61452e-05
263400	400.0	1000.0	1000.0	1000.0	100	1.0	0.8	2.81243e-05
263400	400.0	1100.0	1100.0	1100.0	100	1.0	0.8	1.77947e-05
263400	400.0	1200.0	1200.0	1200.0	100	1.0	0.8	1.16537e-05
263400	600.0	300.0	300.0	300.0	100	1.0	0.8	0.46223
263400	600.0	400.0	400.0	400.0	100	1.0	0.8	0.065307
263400	600.0	500.0	500.0	500.0	100	1.0	0.8	0.0047868
263400	600.0	600.0	600.0	600.0	100	1.0	0.8	0.00122585
263400	600.0	700.0	700.0	700.0	100	1.0	0.8	0.00050899
263400	600.0	800.0	800.0	800.0	100	1.0	0.8	0.000255288
263400	600.0	900.0	900.0	900.0	100	1.0	0.8	0.000143514
263400	600.0	1000.0	1000.0	1000.0	100	1.0	0.8	8.6887e-05
263400	600.0	1100.0	1100.0	1100.0	100	1.0	0.8	5.5412e-05
263400	600.0	1200.0	1200.0	1200.0	100	1.0	0.8	3.7311e-05
263400	800.0	300.0	300.0	300.0	100	1.0	0.8	0.2848
263400	800.0	400.0	400.0	400.0	100	1.0	0.8	0.093376
263400	800.0	500.0	500.0	500.0	100	1.0	0.8	0.037616
263400	800.0	600.0	600.0	600.0	100	1.0	0.8	0.01035036
263400	800.0	700.0	700.0	700.0	100	1.0	0.8	0.00178718
263400	800.0	800.0	800.0	800.0	100	1.0	0.8	0.00061537
263400	800.0	900.0	900.0	900.0	100	1.0	0.8	0.000297256
263400	800.0	1000.0	1000.0	1000.0	100	1.0	0.8	0.000166649
263400	800.0	1100.0	1100.0	1100.0	100	1.0	0.8	0.000101407
263400	800.0	1200.0	1200.0	1200.0	100	1.0	0.8	6.6191e-05
263400	1000.0	300.0	300.0	300.0	100	1.0	0.8	0.14771
263400	1000.0	400.0	400.0	400.0	100	1.0	0.8	0.060531
263400	1000.0	500.0	500.0	500.0	100	1.0	0.8	0.035347
263400	1000.0	600.0	600.0	600.0	100	1.0	0.8	0.019542
263400	1000.0	700.0	700.0	700.0	100	1.0	0.8	0.00881814
263400	1000.0	800.0	800.0	800.0	100	1.0	0.8	0.00283922
263400	1000.0	900.0	900.0	900.0	100	1.0	0.8	0.00074266
263400	1000.0	1000.0	1000.0	1000.0	100	1.0	0.8	0.000310412
263400	1000.0	1100.0	1100.0	1100.0	100	1.0	0.8	0.00016698
263400	1000.0	1200.0	1200.0	1200.0	100	1.0	0.8	0.000100655
263400	1200.0	300.0	300.0	300.0	100	1.0	0.8	0.078164
263400	1200.0	400.0	400.0	400.0	100	1.0	0.8	0.03524
263400	1200.0	500.0	500.0	500.0	100	1.0	0.8	0.023706
263400	1200.0	600.0	600.0	600.0	100	1.0	0.8	0.016254
263400	1200.0	700.0	700.0	700.0	100	1.0	0.8	0.010364
263400	1200.0	800.0	800.0	800.0	100	1.0	0.8	0.0058353
263400	1200.0	900.0	900.0	900.0	100	1.0	0.8	0.00273606
263400	1200.0	1000.0	1000.0	1000.0	100	1.0	0.8	0.000999823
263400	1200.0	1100.0	1100.0	1100.0	100	1.0	0.8	0.000342968
263400	1200.0	1200.0	1200.0	1200.0	100	1.0	0.8	0.000162649
263400	1400.0	300.0	300.0	300.0	100	1.0	0.8	0.042687
263400	1400.0	400.0	400.0	400.0	100	1.0	0.8	0.020306
263400	1400.0	500.0	500.0	500.0	100	1.0	0.8	0.014723
263400	1400.0	600.0	600.0	600.0	100	1.0	0.8	0.011224
263400	1400.0	700.0	700.0	700.0	100	1.0	0.8	0.0082681
263400	1400.0	800.0	800.0	800.0	100	1.0	0.8	0.0057179
263400	1400.0	900.0	900.0	900.0	100	1.0	0.8	0.0036537
263400	1400.0	1000.0	1000.0	1000.0	100	1.0	0.8	0.002076205
263400	1400.0	1100.0	1100.0	1100.0	100	1.0	0.8	0.001010414
263400	1400.0	1200.0	1200.0	1200.0	100	1.0	0.8	0.000412773
263400	1600.0	300.0	300.0	300.0	100	1.0	0.8	0.024289
263400	1600.0	400.0	400.0	400.0	100	1.0	0.8	0.011952
263400	1600.0	500.0	500.0	500.0	100	1.0	0.8	0.0090565
263400	1600.0	600.0	600.0	600.0	100	1.0	0.8	0.0072967
263400	1600.0	700.0	700.0	700.0	100	1.0	0.8	0.0058069
263400	1600.0	800.0	800.0	800.0	100	1.0	0.8	0.0044627
263400	1600.0	900.0	900.0	900.0	100	1.0	0.8	0.0033015
263400	1600.0	1000.0	1000.0	1000.0	100	1.0	0.8	0.0022849
263400	1600.0	1100.0	1100.0	1100.0	100	1.0	0.8	0.0014411
263400	1600.0	1200.0	1200.0	1200.0	100	1.0	0.8	0.000829797
263400	1700.0	300.0	300.0	300.0	100	1.0	0.8	0.018545
263400	1700.0	400.0	400.0	400.0	100	1.0	0.8	0.0092082
263400	1700.0	500.0	500.0	500.0	100	1.0	0.8	0.0071071
263400	1700.0	600.0	600.0	600.0	100	1.0	0.8	0.0058468
263400	1700.0	700.0	700.0	700.0	100	1.0	0.8	0.0047758
263400	1700.0	800.0	800.0	800.0	100	1.0	0.8	0.0038042
263400	1700.0	900.0	900.0	900.0	100	1.0	0.8	0.0029121
263400	1700.0	1000.0	1000.0	1000.0	100	1.0	0.8	0.0021322
263400	1700.0	1100.0	1100.0	1100.0	100	1.0	0.8	0.0014669
263400	1700.0	1200.0	1200.0	1200.0	100	1.0	0.8	0.00093657
263400	1800.0	300.0	300.0	300.0	100	1.0	0.8	0.014251
263400	1800.0	400.0	400.0	400.0	100	1.0	0.8	0.0071746
263400	1800.0	500.0	500.0	500.0	100	1.0	0.8	0.0055899
263400	1800.0	600.0	600.0	600.0	100	1.0	0.8	0.0046859
263400	1800.0	700.0	700.0	700.0	100	1.0	0.8	0.0038953
263400	1800.0	800.0	800.0	800.0	100	1.0	0.8	0.0031898
263400	1800.0	900.0	900.0	900.0	100	1.0	0.8	0.0025327
263400	1800.0	1000.0	1000.0	1000.0	100	1.0	0.8	0.0019341
263400	1800.0	1100.0	1100.0	1100.0	100	1.0	0.8	0.0014078
263400	1800.0	1200.0	1200.0	1200.0	100	1.0	0.8	0.00096792
263400	2000.0	300.0	300.0	300.0	100	1.0	0.8	0.0086008
263400	2000.0	400.0	400.0	400.0	100	1.0	0.8	0.0043899
263400	2000.0	500.0	500.0	500.0	100	1.0	0.8	0.0034998
263400	2000.0	600.0	600.0	600.0	100	1.0	0.8	0.0029991
263400	2000.0	700.0	700.0	700.0	100	1.0	0.8	0.0025816
263400	2000.0	800.0	800.0	800.0	100	1.0	0.8	0.0021931
263400	2000.0	900.0	900.0	900.0	100	1.0	0.8	0.0018285
263400	2000.0	1000.0	1000.0	1000.0	100	1.0	0.8	0.0014869
263400	2000.0	1100.0	1100.0	1100.0	100	1.0	0.8	0.001172
263400	2000.0	1200.0	1200.0	1200.0	100	1.0	0.8	0.00088743
263400	2200.0	300.0	300.0	300.0	100	1.0	0.8	0.0053216
263400	2200.0	400.0	400.0	400.0	100	1.0	0.8	0.0027394
263400	2200.0	500.0	500.0	500.0	100	1.0	0.8	0.0022137
263400	2200.0	600.0	600.0	600.0	100	1.0	0.8	0.0019369
263400	2200.0	700.0	700.0	700.0	100	1.0	0.8	0.0017019
263400	2200.0	800.0	800.0	800.0	100	1.0	0.8	0.0014876
263400	2200.0	900.0	900.0	900.0	100	1.0	0.8	0.0012817
263400	2200.0	1000.0	1000.0	1000.0	100	1.0	0.8	0.001085
263400	2200.0	1100.0	1100.0	1100.0	100	1.0	0.8	0.00089801
263400	2200.0	1200.0	1200.0	1200.0	100	1.0	0.8	0.000725
263400	2400.0	300.0	300.0	300.0	100	1.0	0.8	0.0033493
263400	2400.0	400.0	400.0	400.0	100	1.0	0.8	0.00174
263400	2400.0	500.0	500.0	500.0	100	1.0	0.8	0.0014211
263400	2400.0	600.0	600.0	600.0	100	1.0	0.8	0.0012593
263400	2400.0	700.0	700.0	700.0	100	1.0	0.8	0.0011234
263400	2400.0	800.0	800.0	800.0	100	1.0	0.8	0.0010012
263400	2400.0	900.0	900.0	900.0	100	1.0	0.8	0.0008839
263400	2400.0	1000.0	1000.0	1000.0	100	1.0	0.8	0.000771
263400	2400.0	1100.0	1100.0	1100.0	100	1.0	0.8	0.00066094
263400	2400.0	1200.0	1200.0	1200.0	100	1.0	0.8	0.00055439
263400	2500.0	300.0	300.0	300.0	100	1.0	0.8	0.0026787
263400	2500.0	400.0	400.0	400.0	100	1.0	0.8	0.0013922
263400	2500.0	500.0	500.0	500.0	100	1.0	0.8	0.0011446
263400	2500.0	600.0	600.0	600.0	100	1.0	0.8	0.0010187
263400	2500.0	700.0	700.0	700.0	100	1.0	0.8	0.00091718
263400	2500.0	800.0	800.0	800.0	100	1.0	0.8	0.00082249
263400	2500.0	900.0	900.0	900.0	100	1.0	0.8	0.00073284
263400	2500.0	1000.0	1000.0	1000.0	100	1.0	0.8	0.00064514
263400	2500.0	1100.0	1100.0	1100.0	100	1.0	0.8	0.00056059
263400	2500.0	1200.0	1200.0	1200.0	100	1.0	0.8	0.00047851
263400	2600.0	300.0	300.0	300.0	100	1.0	0.8	0.0021492
263400	2600.0	400.0	400.0	400.0	100	1.0	0.8	0.001124
263400	2600.0	500.0	500.0	500.0	100	1.0	0.8	0.00092298
263400	2600.0	600.0	600.0	600.0	100	1.0	0.8	0.00082449
263400	2600.0	700.0	700.0	700.0	100	1.0	0.8	0.00074737
263400	2600.0	800.0	800.0	800.0	100	1.0	0.8	0.00067419
263400	2600.0	900.0	900.0	900.0	100	1.0	0.8	0.0006059
263400	2600.0	1000.0	1000.0	1000.0	100	1.0	0.8	0.00053814
263400	2600.0	1100.0	1100.0	1100.0	100	1.0	0.8	0.00047338
263400	2600.0	1200.0	1200.0	1200.0	100	1.0	0.8	0.00040994
263400	2750.0	300.0	300.0	300.0	100	1.0	0.8	0.0015511
263400	2750.0	500.0	500.0	500.0	100	1.0	0.8	0.00067388
263400	2750.0	800.0	800.0	800.0	100	1.0	0.8	0.00050351
263400	2800.0	300.0	300.0	300.0	100	1.0	0.8	0.0014037
263400	2800.0	400.0	400.0	400.0	100	1.0	0.8	0.0007323
263400	2800.0	500.0	500.0	500.0	100	1.0	0.8	0.00060648
263400	2800.0	600.0	600.0	600.0	100	1.0	0.8	0.00054612
263400	2800.0	700.0	700.0	700.0	100	1.0	0.8	0.00049911
263400	2800.0	800.0	800.0	800.0	100	1.0	0.8	0.00045598
263400	2800.0	900.0	900.0	900.0	100	1.0	0.8	0.00041471
263400	2800.0	1000.0	1000.0	1000.0	100	1.0	0.8	0.00037348
263400	2800.0	1100.0	1100.0	1100.0	100	1.0	0.8	0.00033449
263400	2800.0	1200.0	1200.0	1200.0	100	1.0	0.8	0.00029571
263400	3000.0	300.0	300.0	300.0	100	1.0	0.8	0.00092077
263400	3000.0	400.0	400.0	400.0	100	1.0	0.8	0.00048255
263400	3000.0	500.0	500.0	500.0	100	1.0	0.8	0.0004022
263400	3000.0	600.0	600.0	600.0	100	1.0	0.8	0.00036418
263400	3000.0	700.0	700.0	700.0	100	1.0	0.8	0.0003352
263400	3000.0	800.0	800.0	800.0	100	1.0	0.8	0.00030894
263400	3000.0	900.0	900.0	900.0	100	1.0	0.8	0.00028421
263400	3000.0	1000.0	1000.0	1000.0	100	1.0	0.8	0.00025935
263400	3000.0	1100.0	1100.0	1100.0	100	1.0	0.8	0.0002345
263400	3000.0	1200.0	1200.0	1200.0	100	1.0	0.8	0.00021091
263400	3500.0	300.0	300.0	300.0	100	1.0	0.8	0.00033718
263400	3500.0	400.0	400.0	400.0	100	1.0	0.8	0.00017749
263400	3500.0	500.0	500.0	500.0	100	1.0	0.8	0.00014885
263400	3500.0	600.0	600.0	600.0	100	1.0	0.8	0.00013615
263400	3500.0	700.0	700.0	700.0	100	1.0	0.8	0.00012652
263400	3500.0	800.0	800.0	800.0	100	1.0	0.8	0.00011855
263400	3500.0	900.0	900.0	900.0	100	1.0	0.8	0.00011056
263400	3500.0	1000.0	1000.0	1000.0	100	1.0	0.8	0.00010311
263400	3500.0	1100.0	1100.0	1100.0	100	1.0	0.8	9.556e-05
263400	3500.0	1200.0	1200.0	1200.0	100	1.0	0.8	8.8046e-05
263400	4000.0	300.0	300.0	300.0	100	1.0	0.8	0.00012964
263400	4000.0	400.0	400.0	400.0	100	1.0	0.8	6.8398e-05
263400	4000.0	500.0	500.0	500.0	100	1.0	0.8	5.7149e-05
263400	4000.0	600.0	600.0	600.0	100	1.0	0.8	5.2565e-05
263400	4000.0	700.0	700.0	700.0	100	1.0	0.8	4.9128e-05
263400	4000.0	800.0	800.0	800.0	100	1.0	0.8	4.6312e-05
263400	4000.0	900.0	900.0	900.0	100	1.0	0.8	4.3681e-05
263400	4000.0	1000.0	1000.0	1000.0	100	1.0	0.8	4.1144e-05
263400	4000.0	1100.0	1100.0	1100.0	100	1.0	0.8	3.8551e-05
263400	4000.0	1200.0	1200.0	1200.0	100	1.0	0.8	3.6147e-05
263400	4500.0	300.0	300.0	300.0	100	1.0	0.8	5.269e-05
263400	4500.0	400.0	400.0	400.0	100	1.0	0.8	2.7488e-05
263400	4500.0	500.0	500.0	500.0	100	1.0	0.8	2.2897e-05
263400	4500.0	600.0	600.0	600.0	100	1.0	0.8	2.0939e-05
263400	4500.0	700.0	700.0	700.0	100	1.0	0.8	1.9567e-05
263400	4500.0	800.0	800.0	800.0	100	1.0	0.8	1.8469e-05
263400	4500.0	900.0	900.0	900.0	100	1.0	0.8	1.7484e-05
263400	4500.0	1000.0	1000.0	1000.0	100	1.0	0.8	1.6612e-05
263400	4500.0	1100.0	1100.0	1100.0	100	1.0	0.8	1.563e-05
263400	4500.0	1200.0	1200.0	1200.0	100	1.0	0.8	1.4793e-05
263400	5000.0	300.0	300.0	300.0	100	1.0	0.8	2.2624e-05
263400	5000.0	400.0	400.0	400.0	100	1.0	0.8	1.1644e-05
263400	5000.0	500.0	500.0	500.0	100	1.0	0.8	9.6144e-06
263400	5000.0	600.0	600.0	600.0	100	1.0	0.8	8.6759e-06
263400	5000.0	700.0	700.0	700.0	100	1.0	0.8	8.081e-06
263400	5000.0	800.0	800.0	800.0	100	1.0	0.8	7.594e-06
263400	5000.0	900.0	900.0	900.0	100	1.0	0.8	7.1616e-06
263400	5000.0	1000.0	1000.0	1000.0	100	1.0	0.8	6.7931e-06
263400	5000.0	1100.0	1100.0	1100.0	100	1.0	0.8	6.4295e-06
263400	5000.0	1200.0	1200.0	1200.0	100	1.0	0.8	6.1008e-06
263400	5500.0	300.0	300.0	300.0	100	1.0	0.8	1.053e-05
263400	5500.0	400.0	400.0	400.0	100	1.0	0.8	5.2607e-06
263400	5500.0	500.0	500.0	500.0	100	1.0	0.8	4.2793e-06
263400	5500.0	600.0	600.0	600.0	100	1.0	0.8	3.8228e-06
263400	5500.0	700.0	700.0	700.0	100	1.0	0.8	3.4986e-06
263400	5500.0	800.0	800.0	800.0	100	1.0	0.8	3.2643e-06
263400	5500.0	900.0	900.0	900.0	100	1.0	0.8	3.0579e-06
263400	5500.0	1000.0	1000.0	1000.0	100	1.0	0.8	2.8904e-06
263400	5500.0	1100.0	1100.0	1100.0	100	1.0	0.8	2.7145e-06
263400	6000.0	300.0	300.0	300.0	100	1.0	0.8	5.3412e-06
263400	6000.0	400.0	400.0	400.0	100	1.0	0.8	2.6408e-06
263400	6000.0	500.0	500.0	500.0	100	1.0	0.8	2.0757e-06
263400	6000.0	600.0	600.0	600.0	100	1.0	0.8	1.8207e-06
263400	6000.0	800.0	800.0	800.0	100	1.0	0.8	1.5028e-06
263400	6000.0	900.0	900.0	900.0	100	1.0	0.8	1.3909e-06
263400	6000.0	1000.0	1000.0	1000.0	100	1.0	0.8	1.2921e-06
263400	6000.0	1100.0	1100.0	1100.0	100	1.0	0.8	1.2093e-06
263400	6000.0	1200.0	1200.0	1200.0	100	1.0	0.8	1.1285e-06
